{
 "cells": [
  {
   "cell_type": "markdown",
   "metadata": {},
   "source": [
    "# Practice 9: Applicants data\n",
    "- 48 applicants for a position in firm\n",
    "    - Business ability test with 15 questions (10-point Likert scale)\n",
    "    - Form of letter of application (FL)\n",
    "    - Appearance (APP)\n",
    "    - Academic ability (AA)\n",
    "    - Likeability (LA)\n",
    "    - Self-confidence (SC)\n",
    "    - Lucidity (LC)\n",
    "    - Honesty (HON)\n",
    "    - Salesmanship (SMS)\n",
    "    - Experience (EXP)\n",
    "    - Drive (DRV)\n",
    "    - Ambition (AMB)\n",
    "    - Grasp (GSP)\n",
    "    - Potential (POT)\n",
    "    - Keenness to join (KJ)\n",
    "    - Suitability (SUIT)"
   ]
  },
  {
   "cell_type": "code",
   "execution_count": 1,
   "metadata": {},
   "outputs": [],
   "source": [
    "import pandas as pd\n",
    "from factor_analyzer import FactorAnalyzer\n",
    "\n",
    "data = pd.read_csv('../data/Applicant.csv',sep=',', index_col=0) "
   ]
  },
  {
   "cell_type": "code",
   "execution_count": 2,
   "metadata": {},
   "outputs": [
    {
     "data": {
      "text/html": [
       "<div>\n",
       "<style scoped>\n",
       "    .dataframe tbody tr th:only-of-type {\n",
       "        vertical-align: middle;\n",
       "    }\n",
       "\n",
       "    .dataframe tbody tr th {\n",
       "        vertical-align: top;\n",
       "    }\n",
       "\n",
       "    .dataframe thead th {\n",
       "        text-align: right;\n",
       "    }\n",
       "</style>\n",
       "<table border=\"1\" class=\"dataframe\">\n",
       "  <thead>\n",
       "    <tr style=\"text-align: right;\">\n",
       "      <th></th>\n",
       "      <th>X1(FL)</th>\n",
       "      <th>X2(APP)</th>\n",
       "      <th>X3(AA)</th>\n",
       "      <th>X4(LA)</th>\n",
       "      <th>X5(SC)</th>\n",
       "      <th>X6(LC)</th>\n",
       "      <th>X7(HON)</th>\n",
       "      <th>X8(SMS)</th>\n",
       "      <th>X9(EXP)</th>\n",
       "      <th>X10(DRV)</th>\n",
       "      <th>X11(AMB)</th>\n",
       "      <th>X12(GSP)</th>\n",
       "      <th>X13(POT)</th>\n",
       "      <th>X14(KJ)</th>\n",
       "      <th>X15(SUIT)</th>\n",
       "    </tr>\n",
       "    <tr>\n",
       "      <th>ID</th>\n",
       "      <th></th>\n",
       "      <th></th>\n",
       "      <th></th>\n",
       "      <th></th>\n",
       "      <th></th>\n",
       "      <th></th>\n",
       "      <th></th>\n",
       "      <th></th>\n",
       "      <th></th>\n",
       "      <th></th>\n",
       "      <th></th>\n",
       "      <th></th>\n",
       "      <th></th>\n",
       "      <th></th>\n",
       "      <th></th>\n",
       "    </tr>\n",
       "  </thead>\n",
       "  <tbody>\n",
       "    <tr>\n",
       "      <th>1</th>\n",
       "      <td>6</td>\n",
       "      <td>7</td>\n",
       "      <td>2</td>\n",
       "      <td>5</td>\n",
       "      <td>8</td>\n",
       "      <td>7</td>\n",
       "      <td>8</td>\n",
       "      <td>8</td>\n",
       "      <td>3</td>\n",
       "      <td>8</td>\n",
       "      <td>9</td>\n",
       "      <td>7</td>\n",
       "      <td>5</td>\n",
       "      <td>7</td>\n",
       "      <td>10</td>\n",
       "    </tr>\n",
       "    <tr>\n",
       "      <th>2</th>\n",
       "      <td>9</td>\n",
       "      <td>10</td>\n",
       "      <td>5</td>\n",
       "      <td>8</td>\n",
       "      <td>10</td>\n",
       "      <td>9</td>\n",
       "      <td>9</td>\n",
       "      <td>10</td>\n",
       "      <td>5</td>\n",
       "      <td>9</td>\n",
       "      <td>9</td>\n",
       "      <td>8</td>\n",
       "      <td>8</td>\n",
       "      <td>8</td>\n",
       "      <td>10</td>\n",
       "    </tr>\n",
       "    <tr>\n",
       "      <th>3</th>\n",
       "      <td>7</td>\n",
       "      <td>8</td>\n",
       "      <td>3</td>\n",
       "      <td>6</td>\n",
       "      <td>9</td>\n",
       "      <td>8</td>\n",
       "      <td>9</td>\n",
       "      <td>7</td>\n",
       "      <td>4</td>\n",
       "      <td>9</td>\n",
       "      <td>9</td>\n",
       "      <td>8</td>\n",
       "      <td>6</td>\n",
       "      <td>8</td>\n",
       "      <td>10</td>\n",
       "    </tr>\n",
       "    <tr>\n",
       "      <th>4</th>\n",
       "      <td>5</td>\n",
       "      <td>6</td>\n",
       "      <td>8</td>\n",
       "      <td>5</td>\n",
       "      <td>6</td>\n",
       "      <td>5</td>\n",
       "      <td>9</td>\n",
       "      <td>2</td>\n",
       "      <td>8</td>\n",
       "      <td>4</td>\n",
       "      <td>5</td>\n",
       "      <td>8</td>\n",
       "      <td>7</td>\n",
       "      <td>6</td>\n",
       "      <td>5</td>\n",
       "    </tr>\n",
       "    <tr>\n",
       "      <th>5</th>\n",
       "      <td>6</td>\n",
       "      <td>8</td>\n",
       "      <td>8</td>\n",
       "      <td>8</td>\n",
       "      <td>4</td>\n",
       "      <td>4</td>\n",
       "      <td>9</td>\n",
       "      <td>5</td>\n",
       "      <td>8</td>\n",
       "      <td>5</td>\n",
       "      <td>5</td>\n",
       "      <td>8</td>\n",
       "      <td>8</td>\n",
       "      <td>7</td>\n",
       "      <td>7</td>\n",
       "    </tr>\n",
       "  </tbody>\n",
       "</table>\n",
       "</div>"
      ],
      "text/plain": [
       "    X1(FL)  X2(APP)  X3(AA)  X4(LA)  X5(SC)  X6(LC)  X7(HON)  X8(SMS)  \\\n",
       "ID                                                                      \n",
       "1        6        7       2       5       8       7        8        8   \n",
       "2        9       10       5       8      10       9        9       10   \n",
       "3        7        8       3       6       9       8        9        7   \n",
       "4        5        6       8       5       6       5        9        2   \n",
       "5        6        8       8       8       4       4        9        5   \n",
       "\n",
       "    X9(EXP)  X10(DRV)  X11(AMB)  X12(GSP)  X13(POT)  X14(KJ)  X15(SUIT)  \n",
       "ID                                                                       \n",
       "1         3         8         9         7         5        7         10  \n",
       "2         5         9         9         8         8        8         10  \n",
       "3         4         9         9         8         6        8         10  \n",
       "4         8         4         5         8         7        6          5  \n",
       "5         8         5         5         8         8        7          7  "
      ]
     },
     "execution_count": 2,
     "metadata": {},
     "output_type": "execute_result"
    }
   ],
   "source": [
    "data.head()"
   ]
  },
  {
   "cell_type": "markdown",
   "metadata": {},
   "source": [
    "#### 1. 15개의 변수를 사용하여 4개의 요인을 포함하는 요인분석 모형을 추정하시오. (varimax rotation 사용)"
   ]
  },
  {
   "cell_type": "code",
   "execution_count": 3,
   "metadata": {},
   "outputs": [
    {
     "name": "stdout",
     "output_type": "stream",
     "text": [
      "요인적재량 :\n",
      "                   0         1         2         3\n",
      "X1(FL)     0.136190  0.715972  0.089901 -0.102469\n",
      "X2(APP)    0.434383  0.162860  0.292442  0.119890\n",
      "X3(AA)     0.071722  0.134674  0.006676  0.669649\n",
      "X4(LA)     0.230870  0.242129  0.839355 -0.082594\n",
      "X5(SC)     0.910668 -0.093804  0.160350 -0.078285\n",
      "X6(LC)     0.833083  0.118402  0.271546  0.012510\n",
      "X7(HON)    0.248396 -0.216486  0.766904 -0.018716\n",
      "X8(SMS)    0.895625  0.245526  0.098524 -0.056438\n",
      "X9(EXP)    0.088826  0.788878 -0.043589  0.193378\n",
      "X10(DRV)   0.762379  0.364014  0.170032 -0.052921\n",
      "X11(AMB)   0.906557  0.178777  0.092979 -0.061083\n",
      "X12(GSP)   0.796784  0.271904  0.339414  0.147604\n",
      "X13(POT)   0.738652  0.345601  0.430968  0.243894\n",
      "X14(KJ)    0.427157  0.385954  0.529643 -0.619706\n",
      "X15(SUIT)  0.367562  0.779634  0.074171  0.090360\n"
     ]
    }
   ],
   "source": [
    "fa = FactorAnalyzer(n_factors=4, rotation='varimax').fit(data)\n",
    "# 결과 출력\n",
    "print('요인적재량 :\\n',pd.DataFrame(fa.loadings_, index=data.columns))"
   ]
  },
  {
   "cell_type": "code",
   "execution_count": 7,
   "metadata": {},
   "outputs": [],
   "source": [
    "fa_loadings = pd.DataFrame(fa.loadings_, index = data.columns,\n",
    "                          columns = ['f1','f2','f3','f4'])"
   ]
  },
  {
   "cell_type": "code",
   "execution_count": 8,
   "metadata": {},
   "outputs": [
    {
     "data": {
      "text/html": [
       "<div>\n",
       "<style scoped>\n",
       "    .dataframe tbody tr th:only-of-type {\n",
       "        vertical-align: middle;\n",
       "    }\n",
       "\n",
       "    .dataframe tbody tr th {\n",
       "        vertical-align: top;\n",
       "    }\n",
       "\n",
       "    .dataframe thead th {\n",
       "        text-align: right;\n",
       "    }\n",
       "</style>\n",
       "<table border=\"1\" class=\"dataframe\">\n",
       "  <thead>\n",
       "    <tr style=\"text-align: right;\">\n",
       "      <th></th>\n",
       "      <th>f1</th>\n",
       "      <th>f2</th>\n",
       "      <th>f3</th>\n",
       "      <th>f4</th>\n",
       "    </tr>\n",
       "  </thead>\n",
       "  <tbody>\n",
       "    <tr>\n",
       "      <th>X5(SC)</th>\n",
       "      <td>0.910668</td>\n",
       "      <td>-0.093804</td>\n",
       "      <td>0.160350</td>\n",
       "      <td>-0.078285</td>\n",
       "    </tr>\n",
       "    <tr>\n",
       "      <th>X11(AMB)</th>\n",
       "      <td>0.906557</td>\n",
       "      <td>0.178777</td>\n",
       "      <td>0.092979</td>\n",
       "      <td>-0.061083</td>\n",
       "    </tr>\n",
       "    <tr>\n",
       "      <th>X8(SMS)</th>\n",
       "      <td>0.895625</td>\n",
       "      <td>0.245526</td>\n",
       "      <td>0.098524</td>\n",
       "      <td>-0.056438</td>\n",
       "    </tr>\n",
       "    <tr>\n",
       "      <th>X6(LC)</th>\n",
       "      <td>0.833083</td>\n",
       "      <td>0.118402</td>\n",
       "      <td>0.271546</td>\n",
       "      <td>0.012510</td>\n",
       "    </tr>\n",
       "    <tr>\n",
       "      <th>X12(GSP)</th>\n",
       "      <td>0.796784</td>\n",
       "      <td>0.271904</td>\n",
       "      <td>0.339414</td>\n",
       "      <td>0.147604</td>\n",
       "    </tr>\n",
       "    <tr>\n",
       "      <th>X10(DRV)</th>\n",
       "      <td>0.762379</td>\n",
       "      <td>0.364014</td>\n",
       "      <td>0.170032</td>\n",
       "      <td>-0.052921</td>\n",
       "    </tr>\n",
       "    <tr>\n",
       "      <th>X13(POT)</th>\n",
       "      <td>0.738652</td>\n",
       "      <td>0.345601</td>\n",
       "      <td>0.430968</td>\n",
       "      <td>0.243894</td>\n",
       "    </tr>\n",
       "    <tr>\n",
       "      <th>X2(APP)</th>\n",
       "      <td>0.434383</td>\n",
       "      <td>0.162860</td>\n",
       "      <td>0.292442</td>\n",
       "      <td>0.119890</td>\n",
       "    </tr>\n",
       "    <tr>\n",
       "      <th>X14(KJ)</th>\n",
       "      <td>0.427157</td>\n",
       "      <td>0.385954</td>\n",
       "      <td>0.529643</td>\n",
       "      <td>-0.619706</td>\n",
       "    </tr>\n",
       "    <tr>\n",
       "      <th>X15(SUIT)</th>\n",
       "      <td>0.367562</td>\n",
       "      <td>0.779634</td>\n",
       "      <td>0.074171</td>\n",
       "      <td>0.090360</td>\n",
       "    </tr>\n",
       "    <tr>\n",
       "      <th>X7(HON)</th>\n",
       "      <td>0.248396</td>\n",
       "      <td>-0.216486</td>\n",
       "      <td>0.766904</td>\n",
       "      <td>-0.018716</td>\n",
       "    </tr>\n",
       "    <tr>\n",
       "      <th>X4(LA)</th>\n",
       "      <td>0.230870</td>\n",
       "      <td>0.242129</td>\n",
       "      <td>0.839355</td>\n",
       "      <td>-0.082594</td>\n",
       "    </tr>\n",
       "    <tr>\n",
       "      <th>X1(FL)</th>\n",
       "      <td>0.136190</td>\n",
       "      <td>0.715972</td>\n",
       "      <td>0.089901</td>\n",
       "      <td>-0.102469</td>\n",
       "    </tr>\n",
       "    <tr>\n",
       "      <th>X9(EXP)</th>\n",
       "      <td>0.088826</td>\n",
       "      <td>0.788878</td>\n",
       "      <td>-0.043589</td>\n",
       "      <td>0.193378</td>\n",
       "    </tr>\n",
       "    <tr>\n",
       "      <th>X3(AA)</th>\n",
       "      <td>0.071722</td>\n",
       "      <td>0.134674</td>\n",
       "      <td>0.006676</td>\n",
       "      <td>0.669649</td>\n",
       "    </tr>\n",
       "  </tbody>\n",
       "</table>\n",
       "</div>"
      ],
      "text/plain": [
       "                 f1        f2        f3        f4\n",
       "X5(SC)     0.910668 -0.093804  0.160350 -0.078285\n",
       "X11(AMB)   0.906557  0.178777  0.092979 -0.061083\n",
       "X8(SMS)    0.895625  0.245526  0.098524 -0.056438\n",
       "X6(LC)     0.833083  0.118402  0.271546  0.012510\n",
       "X12(GSP)   0.796784  0.271904  0.339414  0.147604\n",
       "X10(DRV)   0.762379  0.364014  0.170032 -0.052921\n",
       "X13(POT)   0.738652  0.345601  0.430968  0.243894\n",
       "X2(APP)    0.434383  0.162860  0.292442  0.119890\n",
       "X14(KJ)    0.427157  0.385954  0.529643 -0.619706\n",
       "X15(SUIT)  0.367562  0.779634  0.074171  0.090360\n",
       "X7(HON)    0.248396 -0.216486  0.766904 -0.018716\n",
       "X4(LA)     0.230870  0.242129  0.839355 -0.082594\n",
       "X1(FL)     0.136190  0.715972  0.089901 -0.102469\n",
       "X9(EXP)    0.088826  0.788878 -0.043589  0.193378\n",
       "X3(AA)     0.071722  0.134674  0.006676  0.669649"
      ]
     },
     "execution_count": 8,
     "metadata": {},
     "output_type": "execute_result"
    }
   ],
   "source": [
    "fa_loadings.sort_values(by=['f1','f2','f3','f4'],\n",
    "                       axis=0,\n",
    "                       ascending=False)"
   ]
  },
  {
   "cell_type": "markdown",
   "metadata": {},
   "source": [
    "#### 2. Loading matrix를 프린트 하고 Factor1의 loading 값을 활용하여 그 의미를 해석하시오. "
   ]
  },
  {
   "cell_type": "code",
   "execution_count": null,
   "metadata": {},
   "outputs": [],
   "source": []
  },
  {
   "cell_type": "markdown",
   "metadata": {},
   "source": [
    "#### 3. 공통성을 프린트하시오. Factor들로 가장 많이 설명되는 변수는 무엇인가? "
   ]
  },
  {
   "cell_type": "code",
   "execution_count": 6,
   "metadata": {},
   "outputs": [
    {
     "name": "stdout",
     "output_type": "stream",
     "text": [
      "공통성 :\n",
      "                   0\n",
      "X1(FL)     0.549746\n",
      "X2(APP)    0.315108\n",
      "X3(AA)     0.471756\n",
      "X4(LA)     0.823266\n",
      "X5(SC)     0.869956\n",
      "X6(LC)     0.781939\n",
      "X7(HON)    0.697060\n",
      "X8(SMS)    0.875319\n",
      "X9(EXP)    0.669513\n",
      "X10(DRV)   0.745439\n",
      "X11(AMB)   0.866183\n",
      "X12(GSP)   0.845784\n",
      "X13(POT)   0.910265\n",
      "X14(KJ)    0.995981\n",
      "X15(SUIT)  0.756597\n"
     ]
    }
   ],
   "source": [
    "print('공통성 :\\n',pd.DataFrame(fa.get_communalities(), index=data.columns))"
   ]
  },
  {
   "cell_type": "code",
   "execution_count": 9,
   "metadata": {},
   "outputs": [
    {
     "data": {
      "text/html": [
       "<div>\n",
       "<style scoped>\n",
       "    .dataframe tbody tr th:only-of-type {\n",
       "        vertical-align: middle;\n",
       "    }\n",
       "\n",
       "    .dataframe tbody tr th {\n",
       "        vertical-align: top;\n",
       "    }\n",
       "\n",
       "    .dataframe thead th {\n",
       "        text-align: right;\n",
       "    }\n",
       "</style>\n",
       "<table border=\"1\" class=\"dataframe\">\n",
       "  <thead>\n",
       "    <tr style=\"text-align: right;\">\n",
       "      <th></th>\n",
       "      <th>Communality</th>\n",
       "      <th>Uniqueness</th>\n",
       "    </tr>\n",
       "  </thead>\n",
       "  <tbody>\n",
       "    <tr>\n",
       "      <th>X1(FL)</th>\n",
       "      <td>0.549746</td>\n",
       "      <td>0.450254</td>\n",
       "    </tr>\n",
       "    <tr>\n",
       "      <th>X2(APP)</th>\n",
       "      <td>0.315108</td>\n",
       "      <td>0.684892</td>\n",
       "    </tr>\n",
       "    <tr>\n",
       "      <th>X3(AA)</th>\n",
       "      <td>0.471756</td>\n",
       "      <td>0.528244</td>\n",
       "    </tr>\n",
       "    <tr>\n",
       "      <th>X4(LA)</th>\n",
       "      <td>0.823266</td>\n",
       "      <td>0.176734</td>\n",
       "    </tr>\n",
       "    <tr>\n",
       "      <th>X5(SC)</th>\n",
       "      <td>0.869956</td>\n",
       "      <td>0.130044</td>\n",
       "    </tr>\n",
       "    <tr>\n",
       "      <th>X6(LC)</th>\n",
       "      <td>0.781939</td>\n",
       "      <td>0.218061</td>\n",
       "    </tr>\n",
       "    <tr>\n",
       "      <th>X7(HON)</th>\n",
       "      <td>0.697060</td>\n",
       "      <td>0.302940</td>\n",
       "    </tr>\n",
       "    <tr>\n",
       "      <th>X8(SMS)</th>\n",
       "      <td>0.875319</td>\n",
       "      <td>0.124681</td>\n",
       "    </tr>\n",
       "    <tr>\n",
       "      <th>X9(EXP)</th>\n",
       "      <td>0.669513</td>\n",
       "      <td>0.330487</td>\n",
       "    </tr>\n",
       "    <tr>\n",
       "      <th>X10(DRV)</th>\n",
       "      <td>0.745439</td>\n",
       "      <td>0.254561</td>\n",
       "    </tr>\n",
       "    <tr>\n",
       "      <th>X11(AMB)</th>\n",
       "      <td>0.866183</td>\n",
       "      <td>0.133817</td>\n",
       "    </tr>\n",
       "    <tr>\n",
       "      <th>X12(GSP)</th>\n",
       "      <td>0.845784</td>\n",
       "      <td>0.154216</td>\n",
       "    </tr>\n",
       "    <tr>\n",
       "      <th>X13(POT)</th>\n",
       "      <td>0.910265</td>\n",
       "      <td>0.089735</td>\n",
       "    </tr>\n",
       "    <tr>\n",
       "      <th>X14(KJ)</th>\n",
       "      <td>0.995981</td>\n",
       "      <td>0.004019</td>\n",
       "    </tr>\n",
       "    <tr>\n",
       "      <th>X15(SUIT)</th>\n",
       "      <td>0.756597</td>\n",
       "      <td>0.243403</td>\n",
       "    </tr>\n",
       "  </tbody>\n",
       "</table>\n",
       "</div>"
      ],
      "text/plain": [
       "           Communality  Uniqueness\n",
       "X1(FL)        0.549746    0.450254\n",
       "X2(APP)       0.315108    0.684892\n",
       "X3(AA)        0.471756    0.528244\n",
       "X4(LA)        0.823266    0.176734\n",
       "X5(SC)        0.869956    0.130044\n",
       "X6(LC)        0.781939    0.218061\n",
       "X7(HON)       0.697060    0.302940\n",
       "X8(SMS)       0.875319    0.124681\n",
       "X9(EXP)       0.669513    0.330487\n",
       "X10(DRV)      0.745439    0.254561\n",
       "X11(AMB)      0.866183    0.133817\n",
       "X12(GSP)      0.845784    0.154216\n",
       "X13(POT)      0.910265    0.089735\n",
       "X14(KJ)       0.995981    0.004019\n",
       "X15(SUIT)     0.756597    0.243403"
      ]
     },
     "execution_count": 9,
     "metadata": {},
     "output_type": "execute_result"
    }
   ],
   "source": [
    "pd.DataFrame({\n",
    "    \"Communality\": fa.get_communalities(),\n",
    "    \"Uniqueness\":fa.get_uniquenesses()\n",
    "},\n",
    "index = data.columns)"
   ]
  }
 ],
 "metadata": {
  "kernelspec": {
   "display_name": "Python3.8_DL",
   "language": "python",
   "name": "dl"
  },
  "language_info": {
   "codemirror_mode": {
    "name": "ipython",
    "version": 3
   },
   "file_extension": ".py",
   "mimetype": "text/x-python",
   "name": "python",
   "nbconvert_exporter": "python",
   "pygments_lexer": "ipython3",
   "version": "3.8.8"
  }
 },
 "nbformat": 4,
 "nbformat_minor": 4
}
